#Layer_Color=16711935
#
#Feature symbol names
#
$0 r3.937
$1 r10
$2 r1.9685
$3 r6
$4 r2

#
#Feature attribute names
#
@0 .nomenclature
@1 .string
@2 .string_angle

#
#Feature attribute text strings
#
&0 40.58
&1 44.95
&2 K

#
#Layer features
#
A 0.4066486 -0.8645669 0.4066486 -0.8645669 0.4 -0.8645669 2 P 0 N
A 0.5305118 -1.0925197 0.5305118 -1.0925197 0.5216535 -1.0925197 0 P 0 N
A 0.6358267 -0.7125984 0.6358267 -0.7125984 0.6161417 -0.7125984 0 P 0 N
A 0.6683072 -1.0925197 0.6683072 -1.0925197 0.6594489 -1.0925197 0 P 0 N
A 0.7050738 -0.7948819 0.7050738 -0.7948819 0.6984252 -0.7948819 2 P 0 N
A 1.2066929 -1.1279528 1.2066929 -1.1279528 1.1870079 -1.1279528 0 P 0 N
A 1.3129921 -1.1948819 1.3129921 -1.1948819 1.2933071 -1.1948819 0 P 0 N
A 1.4035433 -0.3937008 1.4035433 -0.3937008 1.269685 -0.3937008 0 P 0 N
A 1.4035433 -0.6791339 1.4035433 -0.6791339 1.269685 -0.6791339 0 P 0 N
L 0 0 1.59744 0 1 P 0
L 0 0.015 0 0.2855906 1 P 0
L 0 0.2755906 0.06 0.2555906 1 P 0
L 0 0.2755906 0.06 0.2955906 1 P 0
L 0 0.2755906 0.6317636 0.2755906 1 P 0
L 0 -1.771654 0 0 1 P 0
L 0 -1.771654 1.59744 -1.771654 1 P 0
L 0.0492253 -0.494744 0.068904 -0.5144226 0 P 0 ;0,1=2,2=90.000000
L 0.0492253 -0.5209822 0.0885827 -0.5209822 0 P 0 ;0,1=2,2=90.000000
L 0.053152 -0.4626 0.072836 -0.4626 2 P 0
L 0.053152 -0.482284 0.053152 -0.4626 2 P 0
L 0.068904 -0.5144226 0.0885827 -0.494744 0 P 0 ;0,1=2,2=90.000000
L 0.074804 -0.829724 0.094488 -0.829724 2 P 0
L 0.074804 -0.882874 0.074804 -0.829724 2 P 0
L 0.074804 -0.882874 0.094488 -0.882874 2 P 0
L 0.0754636 -0.5209822 0.0492253 -0.494744 0 P 0 ;0,1=2,2=90.000000
L 0.078742 -0.393702 0.098426 -0.393702 2 P 0
L 0.078742 -0.413386 0.078742 -0.393702 2 P 0
L 0.078742 -0.4626 0.098426 -0.4626 2 P 0
L 0.078742 -0.482284 0.078742 -0.4626 2 P 0
L 0.078742 -0.531496 0.098426 -0.531496 2 P 0
L 0.078742 -0.551182 0.078742 -0.531496 2 P 0
L 0.0885827 -0.5209822 0.0754636 -0.5209822 0 P 0 ;0,1=2,2=90.000000
L 0.094488 -0.829764 0.141734 -0.829764 2 P 0
L 0.094488 -0.829764 0.141734 -0.829782 2 P 0
L 0.094488 -0.882814 0.141734 -0.882834 2 P 0
L 0.094488 -0.882814 0.141734 -0.882834 2 P 0
L 0.094488 -0.882874 0.094488 -0.829724 2 P 0
L 0.0944891 -0.6407479 0.1062991 -0.6407479 2 P 0
L 0.0944891 -0.6978339 0.0944891 -0.6407479 2 P 0
L 0.0944891 -0.6978339 0.1062991 -0.6978339 2 P 0
L 0.09685 -1.111416 0.116536 -1.111416 0 P 0
L 0.1062991 -0.6415359 0.1692931 -0.6415359 2 P 0
L 0.1062991 -0.6970479 0.1692931 -0.6970479 2 P 0
L 0.1062991 -0.6978339 0.1062991 -0.6407479 2 P 0
L 0.116536 -1.111416 0.116536 -1.091732 0 P 0
L 0.116536 -1.111416 0.13622 -1.111416 0 P 0
L 0.116536 -1.131102 0.116536 -1.111416 0 P 0
L 0.141734 -0.829724 0.161418 -0.829724 2 P 0
L 0.141734 -0.882874 0.141734 -0.829724 2 P 0
L 0.141734 -0.882874 0.161418 -0.882874 2 P 0
L 0.1574792 -0.5049188 0.1771632 -0.5049188 2 P 0
L 0.1574792 -0.5580688 0.1574792 -0.5049188 2 P 0
L 0.1574792 -0.5580688 0.1771632 -0.5580688 2 P 0
L 0.161418 -0.882874 0.161418 -0.829724 2 P 0
L 0.1692931 -0.6407479 0.1811031 -0.6407479 2 P 0
L 0.1692931 -0.6978339 0.1692931 -0.6407479 2 P 0
L 0.1692931 -0.6978339 0.1811031 -0.6978339 2 P 0
L 0.1771632 -0.5049588 0.2244072 -0.5049588 2 P 0
L 0.1771632 -0.5049788 0.2244072 -0.5049588 2 P 0
L 0.1771632 -0.5580308 0.2244072 -0.5580108 2 P 0
L 0.1771632 -0.5580308 0.2244072 -0.5580108 2 P 0
L 0.1771632 -0.5580688 0.1771632 -0.5049188 2 P 0
L 0.1811031 -0.6978339 0.1811031 -0.6407479 2 P 0
L 0.19685 -1.161416 0.216536 -1.161416 0 P 0
L 0.19685 -1.211416 0.216536 -1.211416 0 P 0
L 0.216536 -1.161416 0.216536 -1.141732 0 P 0
L 0.216536 -1.161416 0.23622 -1.161416 0 P 0
L 0.216536 -1.181102 0.216536 -1.161416 0 P 0
L 0.216536 -1.211416 0.216536 -1.191732 0 P 0
L 0.216536 -1.211416 0.23622 -1.211416 0 P 0
L 0.216536 -1.231102 0.216536 -1.211416 0 P 0
L 0.2244072 -0.5049188 0.2440932 -0.5049188 2 P 0
L 0.2244072 -0.5580688 0.2244072 -0.5049188 2 P 0
L 0.2244072 -0.5580688 0.2440932 -0.5580688 2 P 0
L 0.2440932 -0.5580688 0.2440932 -0.5049188 2 P 0
L 0.29685 -1.111416 0.316536 -1.111416 0 P 0
L 0.300394 -0.27559 0.320078 -0.27559 0 P 0
L 0.3080715 -0.6968518 0.3612215 -0.6968518 2 P 0
L 0.3080715 -0.7165378 0.3080715 -0.6968518 2 P 0
L 0.3080715 -0.7165378 0.3612215 -0.7165378 2 P 0
L 0.3080715 -0.7637818 0.3612215 -0.7637818 2 P 0
L 0.3080715 -0.7834678 0.3080715 -0.7637818 2 P 0
L 0.3080715 -0.7834678 0.3612215 -0.7834678 2 P 0
L 0.308072 -0.56693 0.361222 -0.56693 2 P 0
L 0.308072 -0.586614 0.308072 -0.56693 2 P 0
L 0.308072 -0.586614 0.361222 -0.586614 2 P 0
L 0.308072 -0.633858 0.361222 -0.633858 2 P 0
L 0.308072 -0.653544 0.308072 -0.633858 2 P 0
L 0.308072 -0.653544 0.361222 -0.653544 2 P 0
L 0.30811 -0.633858 0.30813 -0.586614 2 P 0
L 0.30811 -0.633858 0.30813 -0.586614 2 P 0
L 0.3081115 -0.7637818 0.3081115 -0.7165378 2 P 0
L 0.3081115 -0.7637818 0.3081295 -0.7165378 2 P 0
L 0.316536 -1.111416 0.316536 -1.091732 0 P 0
L 0.316536 -1.111416 0.33622 -1.111416 0 P 0
L 0.316536 -1.131102 0.316536 -1.111416 0 P 0
L 0.317914 -0.940946 0.371062 -0.940946 2 P 0
L 0.317914 -0.96063 0.317914 -0.940946 2 P 0
L 0.317914 -0.96063 0.371062 -0.96063 2 P 0
L 0.317914 -1.007874 0.371062 -1.007874 2 P 0
L 0.317914 -1.02756 0.317914 -1.007874 2 P 0
L 0.317914 -1.02756 0.371062 -1.02756 2 P 0
L 0.317952 -0.96063 0.317972 -1.007874 2 P 0
L 0.317952 -0.96063 0.317972 -1.007874 2 P 0
L 0.320078 -0.27559 0.320078 -0.255906 0 P 0
L 0.320078 -0.27559 0.339764 -0.27559 0 P 0
L 0.320078 -0.295276 0.320078 -0.27559 0 P 0
L 0.3346501 -0.8133864 0.3641761 -0.8133864 2 P 0
L 0.3346501 -0.8322844 0.3346501 -0.8133864 2 P 0
L 0.3346501 -0.8322844 0.3641761 -0.8322844 2 P 0
L 0.3429041 -0.8322844 0.3429041 -0.8133864 2 P 0
L 0.3464821 -0.8322844 0.3464821 -0.8133864 2 P 0
L 0.3474761 -0.8322844 0.3474761 -0.8133864 2 P 0
L 0.3543301 -0.658464 0.3740141 -0.658464 2 P 0
L 0.3543301 -0.711614 0.3543301 -0.658464 2 P 0
L 0.3543301 -0.711614 0.3740141 -0.711614 2 P 0
L 0.3572801 -0.8322844 0.3572801 -0.8133864 2 P 0
L 0.361162 -0.633858 0.361182 -0.586614 2 P 0
L 0.3611635 -0.7637818 0.3611815 -0.7165378 2 P 0
L 0.3611635 -0.7637818 0.3611815 -0.7165378 2 P 0
L 0.361182 -0.633858 0.361182 -0.586614 2 P 0
L 0.3612215 -0.7165378 0.3612215 -0.6968518 2 P 0
L 0.3612215 -0.7834678 0.3612215 -0.7637818 2 P 0
L 0.361222 -0.586614 0.361222 -0.56693 2 P 0
L 0.361222 -0.653544 0.361222 -0.633858 2 P 0
L 0.3641761 -0.7657484 0.3670821 -0.7686524 2 P 0
L 0.3641761 -0.7657484 0.4153581 -0.7657484 2 P 0
L 0.3641761 -0.8799224 0.3641761 -0.7657484 2 P 0
L 0.3641761 -0.8799224 0.3670821 -0.8770164 2 P 0
L 0.3641761 -0.8799224 0.4153581 -0.8799224 2 P 0
L 0.3670821 -0.7686524 0.4124541 -0.7686524 2 P 0
L 0.3670821 -0.8770164 0.3670821 -0.7686524 2 P 0
L 0.3670821 -0.8770164 0.4124541 -0.8770164 2 P 0
L 0.371004 -0.96063 0.371024 -1.007874 2 P 0
L 0.371024 -1.007874 0.371024 -0.96063 2 P 0
L 0.371062 -0.96063 0.371062 -0.940946 2 P 0
L 0.371062 -1.02756 0.371062 -1.007874 2 P 0
L 0.3740141 -0.658502 0.4212581 -0.658502 2 P 0
L 0.3740141 -0.658522 0.4212581 -0.658502 2 P 0
L 0.3740141 -0.711574 0.4212581 -0.711554 2 P 0
L 0.3740141 -0.711574 0.4212581 -0.711554 2 P 0
L 0.3740141 -0.711614 0.3740141 -0.658464 2 P 0
L 0.406494 -0.56693 0.459644 -0.56693 2 P 0
L 0.406494 -0.586614 0.406494 -0.56693 2 P 0
L 0.406494 -0.586614 0.459644 -0.586614 2 P 0
L 0.406494 -0.633858 0.459644 -0.633858 2 P 0
L 0.406494 -0.653544 0.406494 -0.633858 2 P 0
L 0.406494 -0.653544 0.459644 -0.653544 2 P 0
L 0.406534 -0.633858 0.406534 -0.586614 2 P 0
L 0.406534 -0.633858 0.406554 -0.586614 2 P 0
L 0.4124541 -0.7686524 0.4153581 -0.7657484 2 P 0
L 0.4124541 -0.8770164 0.4124541 -0.7686524 2 P 0
L 0.4124541 -0.8770164 0.4153581 -0.8799224 2 P 0
L 0.4153581 -0.7759844 0.4448861 -0.7759844 2 P 0
L 0.4153581 -0.7948824 0.4448861 -0.7948824 2 P 0
L 0.4153581 -0.8507884 0.4448861 -0.8507884 2 P 0
L 0.4153581 -0.8696844 0.4448861 -0.8696844 2 P 0
L 0.4153581 -0.8799224 0.4153581 -0.7657484 2 P 0
L 0.4212581 -0.658464 0.4409441 -0.658464 2 P 0
L 0.4212581 -0.711614 0.4212581 -0.658464 2 P 0
L 0.4212581 -0.711614 0.4409441 -0.711614 2 P 0
L 0.4222541 -0.7948824 0.4222541 -0.7759844 2 P 0
L 0.4222541 -0.8696844 0.4222541 -0.8507884 2 P 0
L 0.4320601 -0.7948824 0.4320601 -0.7759844 2 P 0
L 0.4320601 -0.8696844 0.4320601 -0.8507884 2 P 0
L 0.4330521 -0.7948824 0.4330521 -0.7759844 2 P 0
L 0.4330521 -0.8696844 0.4330521 -0.8507884 2 P 0
L 0.4366301 -0.7948824 0.4366301 -0.7759844 2 P 0
L 0.4366301 -0.8696844 0.4366301 -0.8507884 2 P 0
L 0.4409441 -0.711614 0.4409441 -0.658464 2 P 0
L 0.4448861 -0.7948824 0.4448861 -0.7759844 2 P 0
L 0.4448861 -0.8696844 0.4448861 -0.8507884 2 P 0
L 0.459586 -0.633858 0.459606 -0.586614 2 P 0
L 0.459586 -0.633858 0.459606 -0.586614 2 P 0
L 0.459644 -0.586614 0.459644 -0.56693 2 P 0
L 0.459644 -0.653544 0.459644 -0.633858 2 P 0
L 0.500394 -0.27559 0.520078 -0.27559 0 P 0
L 0.512796 -1.09252 0.521654 -1.09252 0 P 0
L 0.520078 -0.27559 0.520078 -0.255906 0 P 0
L 0.520078 -0.27559 0.539764 -0.27559 0 P 0
L 0.520078 -0.295276 0.520078 -0.27559 0 P 0
L 0.521654 -1.101378 0.521654 -1.09252 0 P 0
L 0.544292 -0.793304 0.597442 -0.793304 2 P 0
L 0.544292 -0.81299 0.544292 -0.793304 2 P 0
L 0.544292 -0.81299 0.597442 -0.81299 2 P 0
L 0.544292 -0.860234 0.597442 -0.860234 2 P 0
L 0.544292 -0.879918 0.544292 -0.860234 2 P 0
L 0.544292 -0.879918 0.597442 -0.879918 2 P 0
L 0.544332 -0.81299 0.54435 -0.860234 2 P 0
L 0.544332 -0.81299 0.54435 -0.860234 2 P 0
L 0.580708 -0.55118 0.738188 -0.55118 0 P 0
L 0.580708 -0.74803 0.580708 -0.55118 0 P 0
L 0.580708 -0.74803 0.738188 -0.74803 0 P 0
L 0.597384 -0.81299 0.597402 -0.860234 2 P 0
L 0.597402 -0.860234 0.597402 -0.81299 2 P 0
L 0.597442 -0.81299 0.597442 -0.793304 2 P 0
L 0.597442 -0.879918 0.597442 -0.860234 2 P 0
L 0.600394 -0.27559 0.620078 -0.27559 0 P 0
L 0.620078 -0.27559 0.620078 -0.255906 0 P 0
L 0.620078 -0.27559 0.639764 -0.27559 0 P 0
L 0.620078 -0.295276 0.620078 -0.27559 0 P 0
L 0.632874 -0.61614 0.686024 -0.61614 2 P 0
L 0.632874 -0.635826 0.632874 -0.61614 2 P 0
L 0.632874 -0.635826 0.686024 -0.635826 2 P 0
L 0.632874 -0.68307 0.686024 -0.68307 2 P 0
L 0.632874 -0.702754 0.632874 -0.68307 2 P 0
L 0.632874 -0.702754 0.686024 -0.702754 2 P 0
L 0.632914 -0.635826 0.632932 -0.68307 2 P 0
L 0.632914 -0.68307 0.632914 -0.635826 2 P 0
L 0.6477636 0.2695906 0.6877507 0.2695906 3 P 0 ;0,1=0,2=0.000000
L 0.650592 -1.09252 0.65945 -1.09252 0 P 0
L 0.653544 -0.789764 0.683072 -0.789764 2 P 0
L 0.653544 -0.808662 0.653544 -0.789764 2 P 0
L 0.653544 -0.808662 0.683072 -0.808662 2 P 0
L 0.653544 -0.864566 0.683072 -0.864566 2 P 0
L 0.653544 -0.883464 0.653544 -0.864566 2 P 0
L 0.653544 -0.883464 0.683072 -0.883464 2 P 0
L 0.65945 -1.101378 0.65945 -1.09252 0 P 0
L 0.6618 -0.808662 0.6618 -0.789764 2 P 0
L 0.6618 -0.883464 0.6618 -0.864566 2 P 0
L 0.665378 -0.808662 0.665378 -0.789764 2 P 0
L 0.665378 -0.883464 0.665378 -0.864566 2 P 0
L 0.66637 -0.808662 0.66637 -0.789764 2 P 0
L 0.66637 -0.883464 0.66637 -0.864566 2 P 0
L 0.676176 -0.808662 0.676176 -0.789764 2 P 0
L 0.676176 -0.883464 0.676176 -0.864566 2 P 0
L 0.6777539 0.2396003 0.6777539 0.2995809 3 P 0 ;0,1=0,2=0.000000
L 0.6777539 0.2995809 0.6477636 0.2695906 3 P 0 ;0,1=0,2=0.000000
L 0.683072 -0.779528 0.685978 -0.782432 2 P 0
L 0.683072 -0.779528 0.734254 -0.779528 2 P 0
L 0.683072 -0.8937 0.683072 -0.779528 2 P 0
L 0.683072 -0.8937 0.685978 -0.890796 2 P 0
L 0.683072 -0.8937 0.734254 -0.8937 2 P 0
L 0.685966 -0.635826 0.685984 -0.68307 2 P 0
L 0.685966 -0.635826 0.685984 -0.68307 2 P 0
L 0.685978 -0.782432 0.731348 -0.782432 2 P 0
L 0.685978 -0.890796 0.685978 -0.782432 2 P 0
L 0.685978 -0.890796 0.731348 -0.890796 2 P 0
L 0.686024 -0.635826 0.686024 -0.61614 2 P 0
L 0.686024 -0.702754 0.686024 -0.68307 2 P 0
L 0.700394 -0.27559 0.720078 -0.27559 0 P 0
L 0.7077442 0.2495971 0.7077442 0.2895841 3 P 0 ;0,1=0,2=0.000000
L 0.7077442 0.2895841 0.717741 0.2995809 3 P 0 ;0,1=0,2=0.000000
L 0.717741 0.2396003 0.7077442 0.2495971 3 P 0 ;0,1=0,2=0.000000
L 0.717741 0.2995809 0.7377345 0.2995809 3 P 0 ;0,1=0,2=0.000000
L 0.720078 -0.27559 0.720078 -0.255906 0 P 0
L 0.720078 -0.27559 0.739764 -0.27559 0 P 0
L 0.720078 -0.295276 0.720078 -0.27559 0 P 0
L 0.731348 -0.782432 0.734254 -0.779528 2 P 0
L 0.731348 -0.890796 0.731348 -0.782432 2 P 0
L 0.731348 -0.890796 0.734254 -0.8937 2 P 0
L 0.734254 -0.827166 0.763782 -0.827166 2 P 0
L 0.734254 -0.846062 0.763782 -0.846062 2 P 0
L 0.734254 -0.8937 0.734254 -0.779528 2 P 0
L 0.7377345 0.2396003 0.717741 0.2396003 3 P 0 ;0,1=0,2=0.000000
L 0.7377345 0.2995809 0.7477313 0.2895841 3 P 0 ;0,1=0,2=0.000000
L 0.738188 -0.74803 0.738188 -0.55118 0 P 0
L 0.74115 -0.846062 0.74115 -0.827166 2 P 0
L 0.7477313 0.2495971 0.7377345 0.2396003 3 P 0 ;0,1=0,2=0.000000
L 0.7477313 0.2895841 0.7477313 0.2495971 3 P 0 ;0,1=0,2=0.000000
L 0.750956 -0.846062 0.750956 -0.827166 2 P 0
L 0.751948 -0.846062 0.751948 -0.827166 2 P 0
L 0.755526 -0.846062 0.755526 -0.827166 2 P 0
L 0.763782 -0.846062 0.763782 -0.827166 2 P 0
L 0.7677248 0.2396003 0.7677248 0.2495971 3 P 0 ;0,1=0,2=0.000000
L 0.7677248 0.2495971 0.7777216 0.2495971 3 P 0 ;0,1=0,2=0.000000
L 0.7777216 0.2396003 0.7677248 0.2396003 3 P 0 ;0,1=0,2=0.000000
L 0.7777216 0.2495971 0.7777216 0.2396003 3 P 0 ;0,1=0,2=0.000000
L 0.8177086 0.2695906 0.8377021 0.2795874 3 P 0 ;0,1=0,2=0.000000
L 0.8177086 0.2995809 0.8177086 0.2695906 3 P 0 ;0,1=0,2=0.000000
L 0.8277054 0.2396003 0.8177086 0.2495971 3 P 0 ;0,1=0,2=0.000000
L 0.8377021 0.2795874 0.8476989 0.2795874 3 P 0 ;0,1=0,2=0.000000
L 0.8476989 0.2396003 0.8277054 0.2396003 3 P 0 ;0,1=0,2=0.000000
L 0.8476989 0.2795874 0.8576957 0.2695906 3 P 0 ;0,1=0,2=0.000000
L 0.849412 -0.753938 0.90256 -0.753938 2 P 0
L 0.849412 -0.773622 0.849412 -0.753938 2 P 0
L 0.849412 -0.773622 0.90256 -0.773622 2 P 0
L 0.849412 -0.820866 0.90256 -0.820866 2 P 0
L 0.849412 -0.840552 0.849412 -0.820866 2 P 0
L 0.849412 -0.840552 0.90256 -0.840552 2 P 0
L 0.84945 -0.773622 0.84947 -0.820866 2 P 0
L 0.84945 -0.773622 0.84947 -0.820866 2 P 0
L 0.852362 -0.557086 1.116142 -0.557086 0 P 0
L 0.852362 -0.702756 0.852362 -0.557086 0 P 0
L 0.852362 -0.702756 1.116142 -0.702756 0 P 0
L 0.8576957 0.2495971 0.8476989 0.2396003 3 P 0 ;0,1=0,2=0.000000
L 0.8576957 0.2695906 0.8576957 0.2495971 3 P 0 ;0,1=0,2=0.000000
L 0.8576957 0.2995809 0.8177086 0.2995809 3 P 0 ;0,1=0,2=0.000000
L 0.8776892 0.2495971 0.8776892 0.2595938 3 P 0 ;0,1=0,2=0.000000
L 0.8776892 0.2595938 0.887686 0.2695906 3 P 0 ;0,1=0,2=0.000000
L 0.8776892 0.2795874 0.8776892 0.2895841 3 P 0 ;0,1=0,2=0.000000
L 0.8776892 0.2895841 0.887686 0.2995809 3 P 0 ;0,1=0,2=0.000000
L 0.887686 0.2396003 0.8776892 0.2495971 3 P 0 ;0,1=0,2=0.000000
L 0.887686 0.2695906 0.8776892 0.2795874 3 P 0 ;0,1=0,2=0.000000
L 0.887686 0.2695906 0.9076795 0.2695906 3 P 0 ;0,1=0,2=0.000000
L 0.887686 0.2995809 0.9076795 0.2995809 3 P 0 ;0,1=0,2=0.000000
L 0.900394 -0.27559 0.920078 -0.27559 0 P 0
L 0.902502 -0.773622 0.902522 -0.820866 2 P 0
L 0.902522 -0.820866 0.902522 -0.773622 2 P 0
L 0.90256 -0.773622 0.90256 -0.753938 2 P 0
L 0.90256 -0.840552 0.90256 -0.820866 2 P 0
L 0.9076795 0.2396003 0.887686 0.2396003 3 P 0 ;0,1=0,2=0.000000
L 0.9076795 0.2695906 0.9176763 0.2595938 3 P 0 ;0,1=0,2=0.000000
L 0.9076795 0.2995809 0.9176763 0.2895841 3 P 0 ;0,1=0,2=0.000000
L 0.913386 -0.391732 1.015748 -0.391732 0 P 0
L 0.913386 -0.572834 0.913386 -0.391732 0 P 0
L 0.913386 -0.572834 1.015748 -0.572834 0 P 0
L 0.9176763 0.2495971 0.9076795 0.2396003 3 P 0 ;0,1=0,2=0.000000
L 0.9176763 0.2595938 0.9176763 0.2495971 3 P 0 ;0,1=0,2=0.000000
L 0.9176763 0.2795874 0.9076795 0.2695906 3 P 0 ;0,1=0,2=0.000000
L 0.9176763 0.2895841 0.9176763 0.2795874 3 P 0 ;0,1=0,2=0.000000
L 0.920078 -0.27559 0.920078 -0.255906 0 P 0
L 0.920078 -0.27559 0.939764 -0.27559 0 P 0
L 0.920078 -0.295276 0.920078 -0.27559 0 P 0
L 0.9336763 0.2755906 1.59744 0.2755906 1 P 0
L 0.955708 -1.127952 1.012794 -1.127952 2 P 0
L 0.955708 -1.139764 0.955708 -1.127952 2 P 0
L 0.955708 -1.139764 1.012794 -1.139764 2 P 0
L 0.955708 -1.202756 1.012794 -1.202756 2 P 0
L 0.955708 -1.214568 0.955708 -1.202756 2 P 0
L 0.955708 -1.214568 1.012794 -1.214568 2 P 0
L 0.956494 -1.202756 0.956494 -1.139764 2 P 0
L 0.964252 -0.629922 1.004252 -0.629922 4 P 0
L 0.984252 -0.649922 0.984252 -0.609922 4 P 0
L 0.997046 -0.753938 1.050196 -0.753938 2 P 0
L 0.997046 -0.773622 0.997046 -0.753938 2 P 0
L 0.997046 -0.773622 1.050196 -0.773622 2 P 0
L 0.997046 -0.820866 1.050196 -0.820866 2 P 0
L 0.997046 -0.840552 0.997046 -0.820866 2 P 0
L 0.997046 -0.840552 1.050196 -0.840552 2 P 0
L 0.997086 -0.773622 0.997106 -0.820866 2 P 0
L 0.997086 -0.820866 0.997086 -0.773622 2 P 0
L 1.012006 -1.202756 1.012006 -1.139764 2 P 0
L 1.012794 -1.139764 1.012794 -1.127952 2 P 0
L 1.012794 -1.214568 1.012794 -1.202756 2 P 0
L 1.015748 -0.572834 1.015748 -0.391732 0 P 0
L 1.050138 -0.773622 1.050156 -0.820866 2 P 0
L 1.050138 -0.773622 1.050156 -0.820866 2 P 0
L 1.050196 -0.773622 1.050196 -0.753938 2 P 0
L 1.050196 -0.840552 1.050196 -0.820866 2 P 0
L 1.116142 -0.702756 1.116142 -0.557086 0 P 0
L 1.151574 -0.962598 1.32874 -0.962598 0 P 0
L 1.151574 -1.163386 1.151574 -0.962598 0 P 0
L 1.151574 -1.163386 1.32874 -1.163386 0 P 0
L 1.171258 -0.836614 1.328738 -0.836614 0 P 0
L 1.171258 -1.230316 1.171258 -0.836614 0 P 0
L 1.171258 -1.230316 1.328738 -1.230316 0 P 0
L 1.328738 -1.230316 1.328738 -0.836614 0 P 0
L 1.32874 -1.163386 1.32874 -0.962598 0 P 0
L 1.53744 0.2555906 1.59744 0.2755906 1 P 0
L 1.53744 0.2955906 1.59744 0.2755906 1 P 0
L 1.59744 0.015 1.59744 0.2855906 1 P 0
L 1.59744 -1.771654 1.59744 0 1 P 0
L 1.599646 -1.769684 1.8800787 -1.769684 1 P 0
L 1.61244 0 1.8800787 0 1 P 0
L 1.8460884 -0.7658857 1.8460884 -0.8058728 3 P 0 ;0,1=1,2=90.000000
L 1.8460884 -0.8058728 1.8760787 -0.8058728 3 P 0 ;0,1=1,2=90.000000
L 1.8460884 -0.8358631 1.8460884 -0.8558566 3 P 0 ;0,1=1,2=90.000000
L 1.8460884 -0.8558566 1.8560852 -0.8658534 3 P 0 ;0,1=1,2=90.000000
L 1.8460884 -0.9458275 1.8760787 -0.9758178 3 P 0 ;0,1=1,2=90.000000
L 1.8460884 -1.0058081 1.8760787 -1.0357984 3 P 0 ;0,1=1,2=90.000000
L 1.8500787 -0.06 1.8700787 0 1 P 0
L 1.8500787 -1.709684 1.8700787 -1.769684 1 P 0
L 1.8560852 -0.8258663 1.8460884 -0.8358631 3 P 0 ;0,1=1,2=90.000000
L 1.8560852 -0.8658534 1.8660819 -0.8658534 3 P 0 ;0,1=1,2=90.000000
L 1.8660819 -0.7758825 1.8760787 -0.7658857 3 P 0 ;0,1=1,2=90.000000
L 1.8660819 -0.7858793 1.8660819 -0.7758825 3 P 0 ;0,1=1,2=90.000000
L 1.8660819 -0.8658534 1.8760787 -0.8558566 3 P 0 ;0,1=1,2=90.000000
L 1.8700787 0 1.8900787 -0.06 1 P 0
L 1.8700787 -0.7498857 1.8700787 0 1 P 0
L 1.8700787 -1.769684 1.8700787 -1.0517984 1 P 0
L 1.8700787 -1.769684 1.8900787 -1.709684 1 P 0
L 1.8760787 -0.7658857 1.8960722 -0.7658857 3 P 0 ;0,1=1,2=90.000000
L 1.8760787 -0.8058728 1.8660819 -0.7858793 3 P 0 ;0,1=1,2=90.000000
L 1.8760787 -0.8558566 1.8760787 -0.8258663 3 P 0 ;0,1=1,2=90.000000
L 1.8760787 -0.9758178 1.8760787 -0.9358307 3 P 0 ;0,1=1,2=90.000000
L 1.8760787 -1.0357984 1.8760787 -0.9958113 3 P 0 ;0,1=1,2=90.000000
L 1.8960722 -0.7658857 1.906069 -0.7758825 3 P 0 ;0,1=1,2=90.000000
L 1.8960722 -0.8258663 1.8560852 -0.8258663 3 P 0 ;0,1=1,2=90.000000
L 1.8960722 -0.8658534 1.906069 -0.8558566 3 P 0 ;0,1=1,2=90.000000
L 1.8960722 -0.9058404 1.906069 -0.9058404 3 P 0 ;0,1=1,2=90.000000
L 1.8960722 -0.9158372 1.8960722 -0.9058404 3 P 0 ;0,1=1,2=90.000000
L 1.906069 -0.7758825 1.906069 -0.795876 3 P 0 ;0,1=1,2=90.000000
L 1.906069 -0.795876 1.8960722 -0.8058728 3 P 0 ;0,1=1,2=90.000000
L 1.906069 -0.8358631 1.8960722 -0.8258663 3 P 0 ;0,1=1,2=90.000000
L 1.906069 -0.8558566 1.906069 -0.8358631 3 P 0 ;0,1=1,2=90.000000
L 1.906069 -0.9058404 1.906069 -0.9158372 3 P 0 ;0,1=1,2=90.000000
L 1.906069 -0.9158372 1.8960722 -0.9158372 3 P 0 ;0,1=1,2=90.000000
L 1.906069 -0.9458275 1.8460884 -0.9458275 3 P 0 ;0,1=1,2=90.000000
L 1.906069 -1.0058081 1.8460884 -1.0058081 3 P 0 ;0,1=1,2=90.000000
L 3.043 0 3.047 0.004 1 P 0
